189126
189128
189132
99675
99676
99705
99706
99791
82364
82369
82532
82533
82534
82537
82538
82546
82641
82646
115442
115443
116695
116701
111770
111787
108077
108079
108084
108275
111152
114577
114593
114599
112398
112463
112480
115196
115212
105441
106948
108657
113592
113605
113607
113618
113650
99697
99717
99740
99769
82526
82548
82643
82656
108635
111172
111173
111425
111427
114592
MAG16
MFOR221
189341
189342
189343
187151
187153
187154
99691
99707
99714
99787
99794
82370
82539
82648
82657
82660
82661
82663
105458
106864
106865
106866
111740
111743
108644
114533
114541
114542
118473
118474
118500
105442
105444
105445
105446
105447
105448
108672
108682
108683
108687
114399
114400
114284
114285
114290
82522
82529
82636
107843
110636
110684
110726
114794
112593
114574
114581
115001
115012
112405
112406
112407
115202
115219
115251
100074
113477
116692
99926
